192.151919872	54.2283016651	162.292496974	200.728276701	103.544588176	168.435085233	1018.46244084	561.791909263	939.522562919	1331.95695251	8.81371188079	103.446569737	29.0467156293	152.330640139	162.937633207	22.2026516708	260.551770156	46.5538088426	136.147338795	256.941213433	30.0377948517	
455.69772157	81.1634920473	192.820790859	521.378463671	18.3609733424	77.2979011255	1014.86801379	76.6085518112	364.199187062	1866.7304585	17.200781718	160.025547687	18.6996760747	43.3655453179	2.35560750956	151.579807979	123.263665783	34.1344681693	147.857694572	289.951665412	212.97312907	
1353.69632269	191.74167418	308.53987561	511.844444896	87.8430019844	113.516061111	1013.47199023	376.436011849	133.396325947	1512.02936784	114.550107283	190.973554151	121.95544327	14.5201990763	116.890532599	153.187692463	264.802847749	94.3072782988	10.7352190219	282.240210431	760.80745777	
1588.69062546	9.58455798921	400.026744129	430.403232934	61.317115404	164.317942814	910.82720848	121.572012567	26.9756498679	122.795250658	170.39970817	211.326003136	114.166895963	11.1875844626	80.9070756008	142.551461912	349.57190101	195.856128447	253.983814802	348.889597642	1115.30283249	
540.508584553	5.57002331011	444.85404939	344.617188898	59.5083452291	208.203787329	1094.0936811	141.137534196	113.940380413	84.152827884	202.992060573	209.885149983	122.393967064	111.476433799	116.242430157	278.678357277	318.129882133	86.6307824473	250.707604271	581.481841619	1219.5474937	
1432.87769987	42.2061281067	444.280959896	335.38330627	134.565431706	197.502842495	436.652286565	117.452057675	34.3878867791	631.09800308	128.786740476	152.245965891	75.0142531425	38.4159754359	147.433646871	177.685221223	339.192389338	35.7536645796	232.986225593	178.408585233	1200.3442769	
1739.81308553	165.695528351	656.862036814	406.038279584	87.5740330233	200.746647126	679.301503507	66.4726239184	22.6040300165	694.652742737	103.688377057	182.750180837	144.165862588	15.8327883294	122.650531456	258.33336017	159.838729351	22.1495661213	230.158673394	357.890092488	1217.01498853	
1762.59700236	174.32193134	385.041459154	1922.2928396	70.9717059923	263.950641448	274.9814817	83.4629414509	72.667373896	184.813670873	164.00707823	151.204918869	140.293785618	8.64408416633	219.341242126	278.140029298	244.816250747	18.8401428021	166.002406243	199.482496188	1177.41194083	
1831.80632591	200.189324585	450.3362609	257.41977124	171.355053401	176.810461991	422.74753789	14.4883470879	102.635361985	602.441867803	44.9902678902	244.784287968	88.7339105085	5.03877957968	175.205536649	297.026829171	300.584139988	11.0764615843	132.836585393	161.330118458	1176.32239969	
1883.62834397	181.497807303	436.582961571	195.004983259	240.174235117	256.58234775	580.14611529	67.1626307035	87.1034103493	221.135084343	16.090303109	175.905662273	51.6537729549	6.81103497297	74.1016965098	308.38585724	433.954644243	143.574422335	249.710581644	174.615529434	1168.7162656	
1925.77113402	142.189347684	681.37426515	239.69096284	111.981057732	119.562980033	65.697870353	302.134450376	89.9154082782	524.281061915	76.3010701042	104.517163662	57.5347246482	66.3716341506	223.534481373	355.720496874	461.937856317	113.574901737	185.906622834	188.806249281	590.299034763	
1985.84271537	183.271388228	491.123569464	264.986417064	71.5742713394	184.81898811	966.60606172	50.1643137936	90.5120207396	481.464381298	16.1269878342	185.707797862	141.899198569	82.1975732731	90.8150987405	319.069111392	460.487300147	156.478622254	217.308128964	230.334672983	561.135056233	
1150.80334918	175.205012536	1164.51925399	286.74486664	44.2437551384	250.462140084	91.0813384004	194.841075824	132.704517558	754.647534045	61.7341896346	19.9417600188	85.5851423761	159.133725582	123.573297203	315.096775082	451.994805994	36.3650281015	192.974910181	216.331178229	551.509637288	
2039.35555044	484.78751368	159.393492641	407.454859153	111.959994259	154.662107069	14.88920913	170.438345291	74.6088150105	120.143014573	22.0424851333	128.247814142	101.666310431	106.948811874	113.774963141	160.826030417	458.471938115	69.1657516965	224.353524248	220.747412133	552.540803983	
2057.67675368	201.581085395	108.956031317	283.819250377	52.3374410365	110.795014711	972.335979303	187.264358774	252.525610883	1129.86853876	77.9727232409	156.801715017	20.6911624795	100.249641816	221.722443898	130.053448588	442.78610485	80.8534412808	245.065758555	198.738176474	1038.7513866	
1516.62278524	222.143588246	84.7395343031	335.606012939	35.8703089017	173.192401296	940.881404668	185.293077061	8.70919873521	320.913051315	46.2395830938	61.5443363896	167.39145188	83.8017355608	211.38833593	139.260452222	420.39637522	107.223617275	160.674364938	191.626165008	565.413012028	
1812.55452732	196.549321904	311.247231582	277.023259519	84.9274797732	89.8853139476	126.659427625	86.2979704493	103.416867578	1101.64750881	19.1431906746	45.5168140589	133.158909758	110.233532014	64.3745740258	139.797977416	429.454751714	70.7753053714	326.261417639	181.512863926	566.809956143	
524.451674138	151.951263235	61.3935529985	81.2135263675	35.9650907395	159.759058159	255.399457169	87.6315757919	122.999691078	947.660136388	88.1982242749	53.9882642718	135.705889565	47.2321523152	255.395286489	143.107064642	498.407063085	31.17546887	211.836431797	227.774720105	563.009182328	
1691.15481787	152.314448393	2803.48155616	128.571818003	61.9906264295	113.87274325	235.647819429	203.758067299	126.746755747	394.086735107	4.3292832752	158.067482876	125.688469764	36.0673613653	230.617974557	144.5432406	451.587078601	89.1423908632	153.47223331	50.132766394	564.020264716	
1658.96510747	497.081487633	332.779267253	110.06345601	27.8938232419	84.9671796902	54.4474542543	10.5448777549	38.1490954718	1215.26119791	123.528152121	39.1317240793	44.9445785345	42.3273608225	222.60912794	145.524410422	479.172504531	95.378802814	490.246956698	255.202683408	577.520735917	
1432.5994782	142.401582525	279.667566973	295.963280783	21.2787413858	208.233317465	919.481021349	226.888078592	24.0782769115	1207.32566009	5.59932381777	71.169550074	45.2567123976	96.4901750944	224.765849352	146.538736736	469.371866669	139.67728079	119.600917442	259.171257927	578.677233443	
1332.83703351	120.707604022	314.472466408	242.517337196	1.32324032907	168.397428666	134.276865027	180.415587577	18.3433335268	1214.24278932	25.8884702591	87.3707767968	36.3940545277	124.443683247	21.3592718503	146.31556291	484.047932241	103.711290948	650.377594366	165.946016412	564.568110202	
1681.80434635	133.272841141	90.4039569542	241.350081323	20.2049725649	190.891495757	150.421544086	34.0251273238	95.3869074474	1154.57817072	148.685126838	101.470384211	85.3297528698	116.477879648	268.104503523	149.520254993	440.188172873	178.508574342	574.478993314	162.79362569	571.268372138	
1578.73364114	140.653291542	529.555235784	257.706408372	88.1984415646	223.092382505	5.16984190478	98.6376642691	99.1608934053	1144.53131459	1.52254920669	122.318479799	122.237815105	127.603106646	233.536226434	134.357445763	480.92352457	71.6412404434	649.754816761	153.12587916	563.360389077	
455.413547724	141.169307163	354.645374626	113.569696517	73.3930502289	53.4168235521	17.8860493614	195.183476187	124.09297143	1042.66043119	109.894930352	77.6512380614	140.690200531	130.655554048	225.503993022	147.045609379	469.257629987	145.728574817	238.850556143	55.6938443346	563.044843679	
449.77549504	132.69184037	189.908481487	145.140031112	81.1983741012	105.287191421	9.3337237746	177.193470551	59.1949518077	713.081575733	127.460357909	64.8955352228	56.3501237841	104.006376678	30.7100022455	147.596761857	151.379645753	61.9840132948	243.926470149	280.588060368	569.003427021	
945.541174368	126.120272845	151.51913834	286.448874811	105.389786005	166.709201132	17.3665321655	220.397529719	122.422314606	38.6063999061	123.297398327	25.9792134984	135.763945293	98.3949364217	184.295435474	143.989932399	524.62788188	188.792246357	665.456007509	233.979562568	582.148862081	
1663.17163127	123.905688925	932.643069037	274.931801392	11.3814553043	95.1148190295	44.639448697	145.717520689	262.252003594	18.9392373464	120.841942426	100.511324743	74.6751734475	129.735026366	180.861029021	142.290443731	436.999846941	71.9995877632	260.885276951	151.453735234	590.027307452	
461.966746675	122.26995082	239.846344697	143.531457947	91.9316605747	79.0101718637	63.281600596	233.237616327	255.035528897	6.86390722499	87.8158357112	50.5251276551	122.723269677	97.7782276802	217.630627043	132.959617445	449.575033429	183.114193302	512.326563744	50.1481260084	579.48949392	
465.473686226	142.541543226	165.682930917	318.448567999	58.5507477424	140.655024779	12.800370536	152.51423945	108.809331237	928.009519683	100.354049596	65.1203703938	157.912826754	119.033570117	192.908199585	147.671520146	428.426658519	231.795335646	305.360524554	194.649017353	573.898137243	
1015.80243065	146.196031861	200.792331219	67.1884087958	87.9026773033	278.460171361	60.4683759047	205.279201756	314.014008709	997.748200422	74.3170863806	69.0003850701	31.7758694623	106.033194725	10.4674549341	267.477781207	471.67198579	125.647575985	120.087744643	281.379855191	549.70472996	
473.994476868	148.039154547	212.678385752	294.06914713	1.09211128123	160.834197343	36.9140892537	82.059732498	164.542895294	1014.88336857	17.4064715636	115.195132561	165.496033298	103.079424527	210.54804653	144.38997611	478.784781831	120.091547661	172.670902694	12.0345939335	546.134473514	
471.536628387	147.505658614	365.473847782	121.068602392	81.2463054218	233.41656447	71.951232624	70.4605714153	200.664741368	90.9164492837	71.2136237997	21.2789789324	44.3321239556	180.659625407	208.810217748	142.055681197	457.307891456	86.914337036	37.813010351	74.8431046186	541.552856189	
1612.63495461	146.339763666	659.064517668	175.158871434	90.6008375505	253.915121705	102.674533497	197.990826765	178.070885152	915.549057324	177.26592811	104.715719105	69.0379935886	202.845527846	204.188461211	126.058009099	485.093818556	166.846855728	61.8607227449	16.3444142771	529.429247647	
473.273709178	140.690941222	606.654668249	296.647946577	69.1687488536	273.214771093	152.655594237	96.4089282628	143.846540137	920.406952904	55.577529414	70.9265110617	84.8960749016	109.02927422	200.105331918	121.055705278	508.888561578	122.450366846	87.616847283	543.204285715	521.934906548	
465.489785246	137.56421085	203.080318046	344.541177967	85.6268857159	148.162741073	50.5795330697	15.2542374606	38.5646766135	479.981257742	95.0105077641	176.07517348	35.4853989073	88.5439390438	200.074693426	277.855403565	489.31485759	103.997451794	206.881000365	23.4405655392	530.433658969	
450.788915649	147.459523883	10.4174061712	232.57075083	62.3298310551	55.2395997123	75.0234732931	112.683137221	5.47759016027	920.444045545	101.850034907	46.216883755	82.1350492555	129.227954702	208.287116269	127.247533877	482.492920018	79.8896104688	359.35425041	5.32857695831	528.941885748	
445.73441486	143.849947119	238.590140132	315.548409174	65.4186452686	56.8402008293	102.396416868	203.224408722	121.900404059	546.842152694	126.488972818	102.023533552	81.1490833556	110.154388297	205.091442843	118.336338644	583.054165695	148.955015143	135.841321366	51.1255166741	528.083818372	
445.068541948	143.426586687	651.894444326	97.6019980467	79.7668669376	236.339800862	81.2908693096	193.931833096	126.767149139	307.533609436	129.327064925	80.9575259868	148.438605238	184.703645213	215.551742007	115.074632703	106.001033995	43.7789172363	37.3473555128	61.8492217866	529.17576211	
444.968650821	147.490673806	368.50007811	283.918090412	78.2238831713	284.882965511	75.2344674021	207.130863443	127.652220958	168.990734649	96.2172064469	108.227503497	2.88893481392	134.328948048	216.75975396	277.225340573	108.492767812	164.665802443	271.743058074	300.773937892	526.134069336	
408.468693923	145.368663745	675.253357149	245.289314542	68.8799952357	163.379902699	71.5736028292	135.128967788	115.184209512	836.547216898	101.819601427	42.7203682006	36.6544892436	141.05435429	181.915301979	115.118289474	89.0397296126	20.1783409869	167.671171436	321.486985929	518.114267176	
410.197346675	145.061997583	277.019160466	295.745094158	88.5150039207	33.7184495484	20.1344564286	216.341146322	136.227511959	317.676766539	87.4867081064	57.6184445074	153.895567865	166.576402521	209.440199305	115.638986723	115.791600714	67.6432196122	26.677897951	63.0599033089	518.493660396	
60.49064281	159.057261049	272.293184771	385.670762764	91.9631535632	303.361972438	118.167588294	195.098024233	121.367081678	786.023039644	114.028386616	57.2139918849	75.0416072442	138.022457344	198.307785916	113.223341831	551.618522285	109.543046743	289.971651387	389.278119415	510.411345864	
432.78179945	154.837240105	280.642843149	318.18499977	74.774124162	346.589852631	1036.66599119	196.356167309	225.536401693	804.772891872	111.397577771	131.413895385	57.6219279018	201.102790234	164.229409816	98.9537202475	606.263228884	137.140502631	262.486130998	163.756729752	505.530553057	
74.4435163089	152.617280183	289.76328615	336.963017611	63.7455294081	247.11330265	985.44468165	198.232452633	138.993109732	797.506743099	113.854294745	102.089065426	203.046960056	151.550655363	148.308196357	114.61609683	570.446889746	166.281942499	318.513261498	35.9912871625	502.055139371	
440.557434123	153.249336756	288.643661883	69.1279773539	52.2637116123	244.781793296	129.825111499	197.804728248	217.691863375	197.63695792	110.089183196	67.0516677929	90.0024074709	88.0573922405	189.325610013	91.1368276205	621.515542506	152.720319449	366.278840761	293.541146962	496.780194442	
1715.58809552	157.245031402	703.691807855	350.965980716	103.317243809	266.17858817	973.547582152	184.189731865	136.319198661	733.251655872	168.956771284	67.562609476	66.3529685666	155.642496774	158.611771885	119.570587867	616.772163959	173.29098839	34.3938883992	90.3098988893	487.72017548	
438.53395292	152.303737994	582.446782913	343.75028262	78.2760577642	19.8274284805	73.6662961341	263.218434406	130.507792917	808.728663026	106.622322452	84.9892756125	77.2696105075	62.3254055974	196.347531058	123.113792096	615.691110767	164.209818725	309.455595021	315.979592906	483.037037118	
434.353350189	150.650052189	121.998228431	359.774202175	12.9941873655	280.255933623	70.6641316191	225.911358184	132.92317874	732.409577063	112.274939503	51.6674509841	161.415479206	137.941358047	198.386528132	124.289206175	614.710466538	175.670187217	254.673182982	344.622395242	486.558329454	
433.279355897	366.762181776	546.700917738	308.510708074	67.3710480472	58.1799785615	65.6979973493	228.398057627	134.545511552	196.637416	119.622813639	109.838230208	182.851807473	50.0894853129	195.110087828	123.423629115	611.429537109	154.017717091	284.192614309	134.090456639	461.143236337	
438.532268508	147.839990656	24.88878533	324.924447979	84.6417225476	256.728707951	990.143507249	196.162891828	140.284511638	806.438298636	113.607465604	14.5281164147	151.659362828	95.9518690444	196.896609853	122.341660054	621.12287584	163.976670849	386.778562379	40.1843105534	454.830907138	
437.157448595	149.730610421	136.445810581	344.417073226	57.5871110158	252.246105005	55.8645362776	197.241349405	218.760148371	791.246548866	113.876807294	147.534289223	152.583020934	115.571309898	195.816161915	121.964661296	624.379641929	160.289382841	295.392877423	159.207412757	456.656876141	
439.079596917	154.334022527	554.046786133	297.481631768	61.9436386055	274.652667146	905.571215094	228.159063884	129.950303644	809.726449524	118.259093332	132.188767851	127.011927199	164.953879281	198.77501583	118.785177743	619.071137365	162.078030445	300.184169597	603.168473898	459.062806172	
433.920173937	150.131559971	140.646265962	317.187920066	35.994215457	91.4261640878	74.4446704918	195.976146325	144.411628489	836.168174793	123.674443449	37.1351886542	81.0536520008	199.383232834	197.61633895	115.969139034	614.228805007	74.2831623801	343.747672516	89.8773826992	439.732290692	
431.672812295	148.721836781	563.038508544	70.2995873892	81.3458669084	252.439129351	985.869479644	253.837609703	158.613883382	767.379947316	123.844505283	112.878311929	153.755041626	184.153211485	198.428108638	123.251094821	613.471268375	154.027547156	5.70689579296	394.798722689	1180.203821	
430.487780561	140.677290006	598.517013829	369.238329603	80.5733182593	2.64028976315	66.6073807807	185.597444845	143.161961931	597.028504424	127.176100256	34.6107961684	142.539902203	98.6469862768	203.950690387	122.757171826	613.499542711	144.584078851	313.817851119	182.16043994	422.107883362	
432.328374702	145.495858026	736.776155166	402.371105238	79.4557040244	227.33224972	4.98816763412	232.191573883	204.475061196	786.73933312	255.982243531	85.656341502	91.2731960168	158.898688036	213.320346491	120.703646817	553.748128864	164.274053592	357.623674276	272.838863414	416.297644777	
1759.37055556	146.018642587	152.857996817	352.852625046	90.1381205522	11.4208649247	6.53319013654	228.530378194	153.803240655	788.530795092	130.682091649	59.0195747442	114.809270492	67.2755062257	204.853060891	118.861284758	607.936395898	63.4849612875	90.2644648838	136.414890602	410.28143952	
1782.31861762	145.622982482	163.303870604	382.466487338	78.1169914468	272.58239516	63.7554279778	251.34836588	170.403351836	787.360057249	136.038128173	83.0467062996	4.88524862845	177.619595534	206.525495499	116.88772944	612.580011963	154.547414822	113.538926254	123.472857687	406.951106592	
438.841242744	148.352742272	603.311181092	402.473811921	85.6041009773	257.154926508	15.3316532839	215.124411742	16.7242745952	785.582627528	136.941996768	70.1321408196	84.7811522339	43.615186154	207.767106972	115.68947555	610.840834433	152.445028813	346.345780179	2.96105281447	403.517164746	
440.507253164	146.918399983	601.480468624	401.601610273	67.19085939	284.587933472	76.4901035442	259.384282635	167.298833921	760.600416421	130.026212569	135.729948484	57.1709792993	197.908464955	201.429639688	107.079269786	607.264857244	152.566294705	413.843329042	85.4731942997	394.022787055	
437.84599885	146.801526179	65.3655923717	381.659592622	65.5471569174	273.623815689	16.4131764278	229.767924431	169.950799111	735.177973688	220.803170484	108.682426574	121.516753324	169.391086794	203.231556124	114.825344792	607.229179548	145.4670185	452.080796701	138.16011658	394.055134078	
434.303393976	139.407586393	467.144033253	397.725832124	48.1710287781	246.626666434	133.949783962	198.46834297	358.482239984	695.171428516	139.285653802	67.700669821	154.845462858	145.622306905	195.893344438	115.311868623	602.864622042	152.234452078	329.676045414	654.944830262	388.855275907	
436.186170862	142.475118954	63.0812349714	54.5833942741	97.8575117386	242.126415696	134.463596391	198.826005842	153.468602924	799.030618371	134.856052288	17.886836816	157.126171697	0.610496215117	195.316808843	102.52385277	612.207527837	152.382651348	360.729530542	150.534816366	396.379002635	
453.756029	143.838733536	160.445404362	375.132640038	47.9158780061	263.298885844	417.643563385	200.417411569	157.808668245	753.545014343	132.577247733	47.3224183909	223.777329094	33.0812180698	194.678137822	114.811563814	611.12048436	141.056865575	391.345040364	394.394667628	403.749852134	
451.658536971	144.02479732	131.646587294	381.464013264	0.925778519515	295.87402232	1072.09830685	245.562411677	172.813402345	788.214573696	138.696262163	50.1220704103	162.997339192	152.2674803	195.689173407	113.79724178	617.564419586	150.849335957	393.954888636	79.0405737746	393.404382208	
453.795015376	148.005605208	616.725380443	355.582853127	86.1636793475	294.342445045	409.353247922	242.643163694	173.864005434	506.017583534	138.892580676	67.1895529038	110.494845208	2.26097327772	202.745626905	114.308744899	617.901558437	151.690811506	371.731905398	197.21291908	400.156396616	
448.642855291	148.857685322	778.566533755	385.504654771	77.8320308064	114.10536855	132.75424959	215.582756973	168.396038633	841.075358283	140.859554979	140.160566616	161.336422438	179.466017428	193.076522566	113.686194088	619.994273748	149.841496965	416.330038386	681.506094281	412.164107274	
449.466907117	148.34035799	619.929913725	362.8743847	85.5063389323	263.604825459	162.989022666	215.431404206	161.742009496	545.147098704	137.302480329	78.6825692345	145.459411906	46.9941951623	198.366433726	132.832810378	616.543621653	170.880139137	297.789454541	64.2236060354	422.471216304	
451.488915023	153.567898183	152.840353753	352.529581315	91.2436398005	409.284121515	200.269060879	255.450740457	58.6997924246	742.670912382	146.661969458	59.1457281971	88.2096265792	48.5214566937	192.90779096	116.387933092	617.183942531	145.477765864	373.733337296	171.226176017	446.06270677	
448.627111789	153.444166626	626.37499148	310.433559531	89.808249707	284.460837685	343.646076251	214.086116657	175.963268405	760.080355802	159.162872576	65.4361529677	166.403397841	171.973722844	203.345932877	116.181734661	616.426402871	165.047356175	372.180556921	498.878039447	431.661627559	
458.119229503	151.949764454	198.11727013	326.570315319	90.1222762709	252.348930617	89.6815927858	213.946583898	139.932663287	874.27147457	157.213148384	161.039346267	161.05854977	155.90993521	201.554894313	115.787275663	602.253485187	343.979583542	86.8992974604	267.514849572	418.960919416	
460.756651328	152.866184845	185.217634415	356.556631856	91.3307049182	280.971893563	228.563773848	196.909703057	172.511435032	756.893576936	156.813676002	19.3648788808	165.593559206	39.6209070407	193.938511017	116.016544826	593.613029518	150.611090858	367.697822649	606.439755908	396.310318768	
464.638030927	157.430099424	210.064672598	383.854312096	97.0960920969	349.364657124	141.402813521	210.345485058	151.578888967	695.568300605	159.679398691	79.2049878259	145.469844771	180.39775007	110.224490686	116.255081863	590.562922668	145.404020432	328.641681423	74.1670099958	391.956377959	
467.274421894	157.671133131	191.021610722	339.007037176	77.2985171824	277.856355051	118.520398824	208.808641644	163.397498642	716.404799882	164.994031936	45.1637023852	161.190731217	45.65908049	191.656223348	116.198266826	591.838826756	158.065275446	366.928790651	216.71237304	383.321717077	
463.054616231	160.151149381	631.622638932	310.226271576	77.852367103	252.344831351	189.856757845	242.141994373	362.881970262	716.421308574	155.143579688	35.9791779226	155.318894533	135.070017136	194.531716294	116.340104846	590.274257299	168.09701584	372.097806719	121.929088999	362.911877792	
467.209929368	165.703371492	190.098213682	367.892149738	84.1524185341	256.057157497	140.251431215	207.477893699	152.635699358	719.127768102	167.802312103	15.957359441	141.751486526	160.41031007	202.382301971	301.119846593	594.976104597	141.863477396	325.817959127	612.584086222	334.722431805	
472.730162901	161.388814814	791.348332251	249.87827015	84.5228024914	235.104001745	34.3330603128	211.657795385	160.007375198	720.801645241	163.148198646	91.6089602293	137.655448752	166.345028639	183.270517441	112.173967676	593.045657929	146.217577057	291.196711243	465.655793783	263.607082532	
478.602387318	159.31054573	220.701923579	409.254152617	73.8047514494	218.382497558	355.793979055	210.556019683	159.934410808	619.13813257	153.009922938	83.1126959899	154.800900038	160.950514882	183.370090003	113.075721166	581.389418759	149.416782091	311.71638181	260.642944883	215.545403419	
